0.666588068008
0.686514139175
0.733899116516
0.712072134018
0.72229886055
0.714334011078
0.70464015007
0.736148118973
0.686323881149
0.733835935593
0.717622995377
0.726669073105
0.701174020767
3.11592102051
0.706146001816
0.711945056915
0.72127199173
0.702631950378
0.728825092316
0.719300985336
0.778852939606
0.695613145828
0.687545061111
0.720365047455
0.703993082047
0.679147005081
0.713335990906
0.701483011246
0.698908090591
0.81591296196
0.768226146698
0.714224100113
0.730443000793
0.70978808403
0.72977399826
2.84118008614
0.700252056122
0.726669788361
0.683836936951
0.784593105316
0.7181828022
0.706952810287
0.730115890503
0.711452007294
0.701169013977
0.726796865463
0.721661806107
0.701528072357
0.755280971527
0.693004846573
0.724203109741
0.752103805542
0.75019288063
0.694468975067
0.703063011169
0.722307920456
3.30087780952
0.728311061859
0.704113960266
0.740069150925
2.68191099167
3.06688094139
0.66720700264
0.733880996704
0.692739009857
0.737626075745
2.86382603645
0.682877063751
0.712491035461
0.70273900032
0.726778030396
0.682787895203
0.788277864456
0.705430030823
0.720364093781
0.762162208557
0.685792922974
0.743286848068
0.721266031265
0.734290838242
0.685225009918
3.01219081879
0.710125923157
0.708013057709
0.696546077728
0.738353013992
0.716391801834
0.699539899826
0.702602863312
0.703263998032
0.7496509552
0.694249868393
0.75840306282
0.711421966553
0.759322166443
0.730326890945
0.699873924255
0.709093809128
0.698220968246
0.753031015396
AVG RTT = 0.876666250229