0.123017072678
0.16303396225
0.169865846634
0.089996099472
0.138291120529
0.0880508422852
0.157976865768
0.16187286377
0.0863461494446
0.14151096344
0.0835139751434
0.162456989288
0.16197514534
0.0831739902496
0.135687112808
0.0828378200531
0.155387878418
0.160465955734
0.0876698493958
0.129875898361
0.0888299942017
0.163118839264
0.175006866455
0.111155033112
0.138198852539
0.0917510986328
0.155559062958
0.167500019073
0.087504863739
0.135190963745
0.0842640399933
0.161376953125
0.158195018768
0.0847949981689
0.139323234558
0.0873548984528
0.160094976425
0.158812999725
0.0937879085541
0.139398813248
0.0911099910736
0.172213077545
0.166749000549
0.0959088802338
0.136440038681
0.0920948982239
0.167077064514
0.176943063736
0.284091949463
0.135335922241
0.0953578948975
0.15641283989
0.170191049576
0.0914499759674
0.139688968658
0.0865159034729
0.151022911072
0.177055835724
0.0910589694977
0.139292955399
0.0990841388702
0.201856136322
0.167589902878
0.0851020812988
0.145991802216
0.0840930938721
0.159231901169
0.158622026443
0.0826041698456
0.139171123505
0.0933439731598
0.157185077667
0.155457019806
0.0880019664764
0.145089149475
0.0884389877319
0.165992975235
0.156658172607
0.0908420085907
0.142752170563
0.0882408618927
0.152964830399
0.166027069092
0.0957839488983
0.150727987289
0.0900368690491
0.15704703331
0.166646957397
0.094290971756
0.141115903854
0.0897161960602
2.70223498344
0.182053804398
0.087424993515
0.140794038773
0.0842981338501
0.194253921509
0.170945882797
0.0910670757294
0.141915082932
AVG RTT = 0.157549314499