0.237264156342
0.190818071365
0.419094085693
0.111573219299
0.313133001328
0.248918056488
0.186280012131
0.428472995758
0.115604877472
0.320173978806
0.234802007675
0.193339824677
0.4127368927
0.113479137421
0.319614887238
0.239366054535
0.200251102448
0.433444023132
0.143149137497
0.321403026581
0.278820037842
0.194545030594
0.432521104813
0.111641168594
0.316811084747
0.231616020203
0.191138982773
0.430517911911
0.129683971405
0.299581050873
0.237205982208
0.193452119827
0.450170993805
0.13681101799
0.307995080948
0.256499052048
0.182620048523
0.413290023804
0.107320070267
0.302091121674
0.242377996445
0.172174930573
0.428812026978
0.132678985596
0.307934999466
0.233371973038
0.205857992172
0.446635007858
0.108874082565
0.317711114883
0.242928981781
0.196381092072
0.423893928528
0.119596004486
0.325775146484
0.229866027832
0.19673204422
0.439580202103
0.115284919739
0.308533906937
0.234966039658
0.182338953018
0.443717002869
0.130200147629
0.306998968124
0.281199932098
0.186180830002
0.430348873138
0.140043973923
0.322514057159
0.242987155914
0.179250001907
0.444302082062
0.127104043961
0.317546129227
0.242403030396
0.218344926834
0.488541126251
0.147211074829
0.309475898743
0.253665924072
0.204174995422
0.460667848587
0.123951911926
0.394791841507
0.255276918411
0.20455288887
0.437461853027
0.138753175735
0.314285993576
0.241073131561
0.198611021042
0.446310043335
0.136449098587
0.325485944748
0.236340999603
0.180850982666
0.451175928116
0.133708953857
0.303565979004
AVG RTT = 0.263990814686