0.822655916214
0.773904085159
0.795955181122
0.807886838913
0.819628000259
0.786761045456
0.812685012817
0.801645994186
3.19723391533
0.874737024307
0.844134092331
0.803241014481
0.803675889969
0.820339918137
0.85036110878
3.72823190689
0.760604143143
0.826056003571
0.785127162933
0.79881477356
0.798440933228
0.821189880371
0.810301065445
0.800644874573
0.81546998024
0.906383037567
0.804847955704
0.799610853195
0.84121799469
0.772353887558
0.814569950104
0.837614059448
0.836544036865
0.818997859955
0.808616876602
1.02387309074
4.66625595093
1.91383695602
2.13739013672
2.24242091179
2.64333295822
1.21127200127
1.86925792694
1.96165108681
3.88189005852
1.72481918335
1.75425696373
1.77211999893
2.18824100494
4.40437889099
4.22207307816
1.85560393333
1.7665040493
1.83612585068
1.96135997772
1.77029895782
1.71725702286
1.7024128437
1.72755789757
3.79167294502
1.77451181412
1.84778499603
1.65865397453
2.30852007866
9.87517404556
4.70475506783
1.69859600067
1.73709487915
1.72763705254
1.73125815392
1.81641697884
1.89170598984
1.78204917908
1.87667012215
1.70108914375
2.14756703377
1.80547118187
1.85037016869
1.70406007767
1.78340101242
1.79688215256
1.72658896446
1.82992386818
1.8931388855
1.6770529747
1.76766610146
1.8242161274
1.70421504974
1.83012700081
1.68166708946
1.80228590965
1.9496088028
1.70932197571
1.71125411987
1.71476602554
1.79954695702
1.81246900558
1.74327611923
1.7639400959
1.72610402107
AVG RTT = 1.74433184147