0.284979104996
0.248363018036
0.334503173828
0.426445960999
0.10631608963
0.290706157684
0.228362083435
0.378519058228
0.415849924088
0.0949358940125
0.281480073929
0.222023963928
0.38507604599
0.397179841995
0.112790107727
0.312070846558
0.246672868729
0.337365150452
0.392715930939
0.107784032822
0.322636127472
0.212476968765
0.360937833786
0.439432144165
0.104604005814
0.29127907753
0.234225988388
0.337951183319
0.413360834122
0.100775003433
0.27739405632
0.235392808914
0.351289987564
0.419785022736
0.107096910477
0.298600912094
0.205444812775
0.363015890121
0.397621870041
0.106765985489
0.273756980896
0.229489803314
0.352010011673
0.398652076721
0.111562013626
0.308330059052
0.237290859222
0.351392030716
0.429542064667
0.0972170829773
0.302294015884
0.223081111908
0.341876029968
0.445461988449
0.120228052139
0.288198947906
0.227409124374
0.335999965668
0.408314943314
0.113623142242
0.29648900032
0.250118017197
0.360236883163
0.421433925629
0.107373952866
0.289206027985
0.219507932663
0.34247803688
0.418262004852
0.120521068573
0.294558048248
0.248239994049
0.354776859283
0.427690029144
0.121711015701
0.291698217392
0.241679191589
0.347813844681
0.439011096954
0.102988958359
0.301914930344
0.240439891815
0.344507932663
0.433839797974
0.125045061111
0.30212187767
0.246228933334
0.342180013657
0.41556596756
0.106407880783
0.308705806732
0.230298995972
0.345447063446
0.421714067459
0.135536193848
0.300298929214
0.240149974823
0.36079788208
0.411922931671
0.129784107208
AVG RTT = 0.282186594009