0.207168102264
0.35840511322
0.335525035858
0.197322845459
0.289251089096
0.200088977814
0.360677957535
0.365549087524
0.20232796669
0.383455038071
0.174710035324
0.372008800507
0.352280855179
0.191772937775
0.30490398407
0.195006847382
0.352771997452
0.349344015121
0.190598964691
0.29704117775
0.181808948517
0.598076820374
0.357167005539
0.227216959
0.306460857391
0.169329166412
0.33842587471
0.349607944489
0.17719912529
0.278506994247
0.19371008873
0.350318908691
0.354158878326
0.187671899796
0.300782203674
0.194660902023
0.340712070465
0.361701965332
0.185031890869
0.302652835846
0.205641031265
0.345795154572
0.372282981873
0.189728975296
0.299248933792
0.198876142502
0.320925951004
0.408945798874
0.198379993439
0.299725055695
0.189529895782
0.348748922348
0.379897117615
0.197388887405
0.314096927643
0.189687013626
0.345313072205
0.350643157959
0.180023908615
0.309974193573
0.171066999435
0.368958950043
0.343939065933
0.182887077332
0.333208084106
0.402287006378
0.335211992264
0.341060876846
0.170212984085
0.317791223526
0.228083133698
0.349856853485
0.34703707695
0.162143945694
0.324496984482
0.189487934113
0.330057144165
0.342049121857
0.17927980423
0.31312084198
0.188206911087
0.363952159882
0.329975128174
0.192211151123
0.325222969055
0.174295902252
0.367544174194
0.343551158905
0.193136930466
0.327347040176
0.184947013855
0.342052936554
0.352006912231
0.173618078232
0.320759057999
0.1769490242
0.344549894333
0.351562976837
0.176469087601
0.312264919281
AVG RTT = 0.283531258106