0.251818180084
0.189899921417
0.503806114197
0.159785985947
0.351415872574
0.307563066483
0.215579032898
0.47968006134
0.163774013519
0.35134100914
0.307625055313
0.223649024963
0.519835948944
0.183516979218
0.356637954712
0.27810716629
0.223686218262
0.511930942535
0.131451129913
0.395678043365
0.335561037064
0.219796895981
0.519461870193
0.159553050995
0.367780923843
0.299568891525
0.275681018829
0.495820999146
0.135527849197
0.375741958618
0.339905977249
0.235028028488
0.487511873245
0.143671035767
0.387749195099
0.331740140915
0.279671907425
0.463753938675
0.147547960281
0.391616821289
0.327407121658
0.239835977554
0.475535869598
0.183788061142
0.355442047119
0.331568956375
0.239866018295
0.459423065186
0.195844888687
0.355490922928
0.307600975037
0.219642877579
0.491684913635
0.147690057755
0.36377286911
0.267375946045
0.223829984665
0.539613008499
0.143478155136
0.331780910492
0.295481920242
0.261485099792
0.457756996155
0.171750068665
0.371366977692
0.302946805954
0.251651763916
0.515778064728
0.155475854874
0.383651018143
0.303298950195
0.263678073883
0.475588083267
0.167366981506
0.359840869904
0.307493925095
0.263757944107
0.495871782303
0.155242919922
0.395629882812
0.299903869629
0.271238088608
0.463505029678
2.64355111122
0.343700885773
0.287659883499
0.247390985489
0.455781936646
0.183655023575
0.327726840973
0.287622928619
0.22379899025
0.527245998383
0.151743888855
0.335464954376
0.279553890228
0.215790987015
0.515448093414
0.155754804611
0.371425151825
AVG RTT = 0.336432230473