0.390427112579
2.35515499115
0.125327825546
0.0612919330597
0.0878388881683
0.153205156326
0.0892519950867
0.118354082108
0.0630979537964
0.0958981513977
0.165200948715
0.0903329849243
0.112415075302
0.0585999488831
0.0917677879333
0.14272403717
0.0889799594879
0.115169048309
0.54421210289
0.0880300998688
0.140959978104
0.0918300151825
0.1180768013
0.0569059848785
0.0990188121796
0.14910697937
0.0990979671478
2.85198402405
0.0582649707794
0.0955231189728
0.152694940567
0.0952479839325
0.112045049667
0.0627150535583
0.0899748802185
0.150450944901
0.0822870731354
0.114574193954
0.0582370758057
0.0937190055847
0.1470079422
0.0814461708069
0.117329120636
0.0584199428558
0.0854890346527
0.149431943893
0.0998260974884
0.114759922028
0.0710270404816
0.0960438251495
0.152362823486
0.0807189941406
0.118721008301
0.0605590343475
0.0900230407715
0.151356935501
0.088280916214
0.112720012665
0.0648319721222
0.0877420902252
0.149264097214
0.0820441246033
0.1142141819
0.063493013382
0.0927407741547
0.158585071564
0.112282991409
0.122094154358
0.0592260360718
0.0899529457092
0.148960113525
0.0911180973053
0.128057003021
0.0600748062134
0.17907500267
0.146183013916
0.0856969356537
0.114509105682
0.0574219226837
0.0839810371399
0.143718004227
0.0901851654053
0.120043039322
0.0570437908173
0.0863420963287
0.151557922363
0.0882208347321
0.108031988144
0.0586068630219
0.0836260318756
0.153973817825
0.0903308391571
0.117709875107
0.0588879585266
0.0915491580963
0.144441127777
0.0966150760651
0.121233940125
0.0621438026428
0.0892190933228
AVG RTT = 0.15990547657