0.253633975983
0.234539031982
0.233319997787
0.251941919327
0.254156112671
0.259495973587
0.227811098099
0.273135185242
0.234462976456
0.291064023972
0.241315126419
0.248258829117
0.228439092636
0.237450122833
0.234750986099
0.237743139267
0.22697019577
0.247789144516
0.302155017853
0.25993013382
0.227604150772
0.232816934586
0.247961044312
0.244148015976
0.240066051483
0.229855060577
0.261697053909
0.230782032013
0.232940912247
0.247539043427
0.267329931259
0.270807027817
0.265971899033
0.255640029907
0.251748800278
0.245377779007
0.235881090164
0.243227005005
0.254130125046
0.238698959351
0.251523017883
0.253488063812
0.237739086151
0.271856069565
0.229898929596
0.230448007584
0.293604850769
0.271250963211
0.232630968094
0.259093046188
0.239193916321
0.265237808228
0.247122049332
0.239948987961
0.239630937576
0.254680156708
0.255518913269
0.250586032867
0.271172046661
0.272134780884
0.238852977753
0.235274076462
0.269782066345
0.232855081558
0.239137172699
0.264830112457
0.242055892944
0.260010004044
0.26942896843
0.234838008881
0.263417005539
0.244429111481
0.255416870117
0.257624149323
0.264230012894
0.222036123276
0.243047952652
0.268639087677
0.222194910049
0.258957147598
0.247411966324
0.232099056244
0.257972955704
0.226052045822
0.22977399826
0.262300014496
0.24445605278
0.254734039307
0.243898868561
0.224021911621
0.244421958923
0.249222993851
0.247328042984
0.27321100235
0.246484994888
0.279695034027
0.266410112381
0.237884044647
0.264754056931
0.253114938736
AVG RTT = 0.249416484833