0.427429199219
0.411108016968
0.38428401947
0.753173112869
0.429483890533
0.385585069656
0.406696081161
0.375705003738
0.404474973679
0.377645015717
0.384895086288
0.400465965271
0.390383005142
0.399090051651
0.711127996445
0.416700839996
0.389878988266
0.361827850342
0.443274974823
0.39323592186
2.55545306206
0.461657047272
0.433687210083
0.385447025299
0.38469004631
0.397516012192
0.391548156738
0.39626288414
0.411479949951
0.375277042389
0.408759117126
0.405377149582
0.38359618187
0.388956069946
0.384052038193
0.370573043823
0.369682073593
0.386023044586
0.402522087097
0.383471012115
0.384431123734
0.390852928162
0.409018039703
0.377426147461
0.374942064285
0.392623186111
0.38263297081
0.366055011749
0.401710987091
0.367567062378
0.376177072525
0.390003204346
0.382341861725
0.378237009048
0.366458892822
0.397418022156
0.399450063705
0.390453100204
0.386266946793
0.373153924942
3.04104590416
0.392023086548
0.381768941879
0.419495105743
0.410156965256
0.376492977142
0.424001932144
0.38508105278
0.392246007919
0.382081985474
0.377385139465
0.376037836075
0.38326716423
0.365061044693
0.381108045578
0.379087924957
0.397304058075
0.384859085083
0.355916976929
0.419076919556
0.398802995682
0.393836021423
0.357339859009
0.397831916809
0.400202989578
0.381219148636
0.376627922058
0.414650917053
0.38978099823
0.398988962173
0.392413854599
0.40925693512
0.391710996628
0.38642001152
0.359060049057
0.359081029892
0.369752883911
0.365681886673
0.369109869003
0.377285003662
AVG RTT = 0.445222673416