0.237236022949
0.189197063446
0.422667980194
0.115108013153
0.303555011749
0.229789972305
0.173599004745
0.421288967133
0.13755607605
0.302834033966
0.25039601326
0.195105075836
0.425870895386
0.120512962341
0.303102016449
0.230898857117
0.183748960495
0.436907052994
0.111660957336
0.315577983856
0.262365102768
0.193518877029
0.452246904373
0.122187137604
0.286076068878
0.252018213272
0.19406414032
0.449823141098
0.105617046356
0.313564062119
0.256525993347
0.184103012085
0.419815063477
0.121548891068
0.308995962143
0.234030008316
0.185618162155
0.418952941895
0.117362976074
0.29372882843
0.245470046997
0.18111205101
0.427468061447
0.12656211853
0.347843885422
0.252886772156
0.178931951523
0.440025091171
0.115829944611
0.296130895615
0.262068986893
0.174754142761
0.421555042267
0.115077018738
0.309870004654
0.242409944534
0.190917015076
0.428707122803
0.107553005219
0.306461811066
0.271278858185
0.187125921249
0.441868066788
0.117448091507
0.313974142075
0.248975992203
0.181110143661
0.442426204681
0.107017040253
0.307165145874
0.257817983627
0.190818786621
0.430058956146
0.115926027298
0.302715778351
0.259817838669
0.18363404274
0.45464515686
0.114483118057
0.287197828293
0.244889974594
0.193812131882
0.489550828934
0.102594852448
0.298051834106
0.259658098221
0.202820062637
0.419434070587
0.105601072311
0.300273180008
0.265841960907
0.194658041
0.445578098297
0.111703157425
0.29805803299
0.255321979523
0.192443132401
0.433360099792
0.102900981903
0.290832996368
AVG RTT = 0.258733000755