0.132925987244
0.136064767838
0.133615016937
0.136702060699
0.1394739151
0.127893924713
0.140554189682
0.134463787079
0.143158912659
0.122160196304
0.131475925446
0.139677047729
0.193660974503
0.149240016937
0.131392002106
0.137058973312
0.147140979767
0.121831178665
0.132356882095
0.158210992813
0.126580953598
0.134209156036
0.15216088295
0.207472801208
0.134267091751
0.131932020187
0.138367891312
0.135246038437
0.131588935852
0.139034032822
0.134874105453
0.335541963577
0.156973838806
0.138435840607
0.124500989914
0.128113031387
0.134634971619
0.139103889465
0.14519405365
0.139727115631
0.143959999084
0.129861831665
0.144444942474
0.140281915665
0.134839057922
0.121395111084
0.127073049545
0.120625019073
0.122855901718
0.131098031998
0.154443979263
0.132296085358
0.132597923279
0.136392116547
0.137364149094
0.141191959381
0.127246141434
0.134866952896
0.139509916306
0.133520126343
0.141584873199
0.1359770298
0.124518871307
0.133357048035
0.13120508194
0.130442142487
0.137013912201
0.130492925644
0.129333972931
0.149333000183
0.136786937714
0.134712934494
0.124235868454
0.133402109146
0.134624004364
0.129280090332
0.140570878983
0.125038862228
0.131371021271
0.12766289711
0.127335071564
0.130731105804
0.126741886139
0.604691028595
0.137447118759
0.136873960495
0.131330966949
0.135671854019
0.141813993454
0.145579099655
0.132209062576
0.135515928268
0.14567399025
0.134696006775
0.152835845947
0.133197069168
0.120245933533
0.133434057236
0.136992931366
0.124326944351
AVG RTT = 0.143111698627