0.377058982849
0.390836000443
0.358783006668
0.458360910416
0.415575027466
0.381124973297
0.347988843918
0.373620986938
0.356356859207
0.366531133652
0.355777025223
3.16954994202
0.363581895828
0.376875162125
0.376981019974
0.370826005936
2.9857199192
0.352797031403
0.380934000015
0.354663133621
2.43146777153
0.356245994568
0.361826896667
0.398729085922
0.380342006683
0.363657951355
0.361523151398
0.370251893997
0.378187894821
0.350728034973
0.373840093613
0.374121904373
0.37101316452
0.380496025085
0.364516973495
0.354327201843
0.36599111557
0.404802799225
0.348489999771
0.355142831802
0.3703789711
0.386106014252
0.341846942902
0.342475891113
0.376211881638
0.377095937729
0.34875702858
0.380867004395
0.376672029495
0.388915061951
0.345673084259
0.378216028214
3.0658159256
0.371378898621
2.51105189323
0.359797000885
0.373839139938
0.376116991043
0.375682115555
0.375867128372
0.360533952713
0.373720884323
0.357124090195
0.362966060638
0.38339304924
0.359896183014
0.370502948761
0.351006984711
0.372073173523
0.35209107399
0.344660043716
0.412683963776
0.363135099411
0.35688996315
0.389591932297
0.360942840576
0.387182950974
0.370287179947
0.38574886322
0.383050918579
0.351577043533
0.359312057495
0.365263938904
0.358417987823
0.372381925583
0.354099035263
0.356568813324
0.391834974289
0.353623151779
0.354861021042
0.347073078156
0.416431903839
0.37019610405
0.360863924026
0.378922939301
0.378116846085
2.5413339138
0.353495121002
0.340835094452
0.358757972717
AVG RTT = 0.514438586235