0.207067012787
0.188081979752
0.218221902847
0.21003484726
0.339942932129
0.227646112442
0.214218139648
0.214033126831
0.187576055527
0.236269950867
0.185758113861
0.23583984375
0.212933063507
0.197600841522
0.223489999771
0.206866025925
0.192645788193
0.190629005432
0.193530082703
0.216969966888
0.23931312561
0.230352163315
0.287858963013
0.209816217422
0.204068183899
0.196841955185
0.187566995621
0.221536159515
0.265552997589
0.184473991394
0.312998056412
0.420899152756
0.353026866913
0.39105796814
0.360512971878
0.379577159882
0.462003231049
0.350669145584
0.214582920074
0.254539966583
0.243451118469
0.348223924637
0.267517805099
0.27080988884
0.283911943436
0.416999101639
0.378942012787
0.354235887527
0.29997587204
0.226581096649
0.22521686554
0.214386940002
0.237126111984
0.243892908096
0.216809988022
0.282155990601
0.289803028107
0.296277046204
0.233402967453
0.216074943542
0.23091506958
0.210646152496
0.309726953506
0.227421998978
0.239636898041
0.20986700058
0.209907054901
0.199881076813
0.233402013779
0.216219186783
0.241453170776
0.218429088593
0.242129087448
0.225064992905
0.202943086624
0.187878131866
0.526568889618
0.193935871124
0.207397937775
0.198930025101
0.212475061417
0.218007087708
0.197710037231
0.22413611412
0.211148023605
0.18629693985
0.213603019714
0.210836172104
0.218102931976
0.209877967834
0.205845117569
0.197033166885
0.227809906006
0.207860946655
0.207293987274
0.210993051529
0.198549985886
0.205893993378
0.19876408577
0.213351964951
AVG RTT = 0.244803416729