0.435689210892
0.423935890198
0.485542058945
0.449795007706
0.476082086563
0.42483997345
0.43873000145
0.455209970474
0.438215970993
0.446882009506
0.428502082825
0.446464061737
0.437584877014
0.436977148056
0.434474945068
0.443372011185
0.431061983109
0.430943965912
0.439795970917
0.42414689064
0.448265075684
0.423274993896
0.577914953232
2.51944613457
0.449775934219
0.446060180664
0.418928861618
0.462234020233
0.458177804947
0.436258077621
0.464200019836
0.472273826599
0.411555051804
0.411708831787
0.434216022491
0.424121141434
0.424916028976
0.410231113434
0.425421953201
0.444529056549
0.408503055573
0.433861970901
0.460196018219
0.417406797409
0.43048787117
0.46543598175
0.447917938232
0.435314893723
0.434518814087
0.633071899414
0.475524902344
0.45189499855
0.421571969986
0.414462089539
3.29626512527
0.425338029861
0.42566204071
0.432626962662
0.431816101074
0.45884013176
0.479470014572
0.462477207184
0.428776025772
0.454241991043
0.454039096832
0.445616960526
0.399881839752
0.460275888443
0.449794054031
2.71307516098
3.17712807655
0.441665887833
3.26544308662
0.469702005386
0.468824863434
0.491878032684
0.472586870193
0.478183984756
0.431327104568
0.473820924759
0.458899021149
0.724733829498
0.462708950043
0.447902917862
0.443787097931
0.438453912735
3.03587913513
0.423524141312
3.26675200462
0.408490896225
0.751465082169
0.43075299263
0.435791969299
0.451267004013
0.636490106583
0.508609056473
0.431495904922
0.433667898178
2.54635310173
0.411877155304
AVG RTT = 0.656595840454