0.13915014267
0.172560930252
0.266260147095
0.231158018112
0.2339220047
0.110327005386
0.192255973816
0.253393173218
0.241079092026
0.249804019928
0.124313831329
0.165896892548
0.223837852478
0.226608037949
0.225306987762
0.124680995941
0.186069011688
0.235319852829
0.238470077515
0.239320039749
0.389182090759
0.185919046402
0.283452987671
0.226474046707
0.239195108414
0.118397951126
0.187910079956
0.231013059616
0.259336948395
0.245089054108
0.117951154709
0.19914317131
0.244240999222
0.237271785736
0.237432956696
0.115329027176
0.189295053482
0.243868112564
0.232118844986
0.235131978989
0.119868040085
0.174006938934
0.249806880951
0.2608730793
0.236854791641
0.131819009781
0.183559179306
0.299437999725
0.25189781189
0.218878030777
0.1153819561
0.195846796036
0.233946084976
0.239386081696
0.249740839005
0.113389015198
0.173946142197
0.246131181717
0.234891176224
0.257063865662
0.175076961517
0.176657915115
0.227375030518
0.244452953339
0.23458313942
0.119067907333
0.190813064575
0.223433971405
0.222681999207
0.225934028625
0.123135089874
0.168898105621
0.247725009918
0.240598917007
0.24186205864
0.114464044571
0.178833007812
0.219872951508
0.233248949051
0.205412864685
0.137264966965
0.172167778015
0.238606929779
0.228271007538
0.263981103897
0.132438182831
0.185993909836
0.244179010391
0.250688076019
0.23840880394
0.145597934723
0.178071022034
0.22688794136
0.250300884247
0.239795923233
0.13502407074
0.166229009628
0.219428062439
0.221889972687
0.226809978485
AVG RTT = 0.208003749847