0.2712931633
0.17839217186
0.469535112381
0.120122909546
0.305364847183
0.253754138947
0.18498301506
0.437867164612
0.124141931534
0.317211151123
0.247560977936
0.19979596138
0.435616970062
0.105978012085
0.315101146698
0.240067005157
0.189198970795
0.454830884933
0.143690824509
0.297513008118
0.239218950272
0.208958864212
0.429070949554
0.111169099808
0.310253858566
0.252825021744
0.189243078232
0.423941135406
0.138370990753
0.301064968109
0.260379076004
0.178610086441
0.453784942627
0.119550943375
0.315078020096
0.500435113907
0.177994966507
0.43216919899
0.118804931641
0.33738899231
0.284992933273
0.179938077927
0.443999052048
0.117783069611
0.309283971786
0.252695083618
0.190818071365
0.460512161255
0.110501050949
0.315501213074
0.470340013504
0.189899921417
0.428563117981
0.123041152954
0.304680109024
0.276118040085
0.180676937103
0.434772014618
0.123013973236
0.304895877838
0.253868103027
0.190691947937
0.42490696907
0.149613857269
0.312199115753
0.253437995911
0.198289871216
0.437016010284
0.121011972427
0.309042930603
0.231467962265
0.197046041489
0.425744056702
0.111563920975
0.312366008759
0.250020980835
0.189738988876
0.43928694725
0.111088991165
0.320065021515
0.307158946991
0.190185070038
0.442734956741
0.1501288414
0.302975893021
0.238972902298
0.181562185287
0.434756040573
0.13890504837
0.375154018402
0.37874007225
0.232543945312
0.555840015411
0.164925813675
0.380603075027
0.251173019409
0.2032289505
0.582686901093
0.132539987564
0.434249162674
AVG RTT = 0.276098909378