0.269811868668
0.227164983749
0.491584777832
0.151541948318
0.383715867996
0.303601980209
0.235490083694
0.52135014534
0.166069984436
0.41900396347
0.299621105194
0.231775999069
0.55958199501
0.147749185562
0.37250494957
0.306357860565
0.231699943542
0.507794857025
0.143513917923
0.375639915466
0.307355880737
0.207543849945
0.499685049057
0.159543991089
0.363486051559
0.287719964981
0.219665050507
0.519586086273
0.139585971832
0.391747951508
3.16016817093
0.24675989151
0.483473062515
0.151715993881
0.359941005707
0.311795949936
0.243103981018
0.543710947037
0.219773054123
0.371654033661
0.335429906845
0.235850095749
3.30353307724
0.156590938568
0.329877853394
0.287852048874
0.234996080399
0.467752933502
0.135279893875
0.37575006485
0.291625022888
0.225019931793
0.561229944229
0.151681900024
0.375437021255
0.447604179382
0.351675987244
0.519623994827
0.135419845581
0.387670040131
0.352099180222
0.230220079422
0.495703935623
0.139518022537
0.351939916611
0.293931007385
0.247562170029
0.535233020782
0.147734880447
0.36754989624
0.307512044907
0.232993125916
3.04577088356
0.15150308609
0.371746063232
0.271398067474
0.22358417511
0.507078886032
0.13973402977
0.363231897354
0.33953499794
0.235736131668
0.471763134003
0.167287826538
0.351593017578
0.310343980789
0.227383852005
0.499247789383
0.171680927277
0.331576108932
3.1596429348
0.235450983047
0.507635116577
0.147529840469
0.403376817703
0.283717155457
0.235726833344
0.503543138504
0.171829938889
0.375473976135
AVG RTT = 0.427496109009