1.79289889336
1.83301305771
1.7925028801
1.77916002274
1.78138995171
1.91424298286
1.87274503708
1.86628890038
1.83295989037
1.8059129715
1.89169692993
10.7324509621
1.79481506348
1.88862895966
1.79101705551
1.77900910378
1.84152197838
1.8017270565
1.73937988281
1.78560614586
1.79753017426
1.83109402657
1.83106899261
1.91390299797
1.7585978508
1.86824178696
1.83884906769
1.82763886452
4.39638710022
1.84850287437
1.85159897804
4.5344979763
2.01011300087
8.37566304207
1.94919514656
2.38477110863
1.93404912949
1.9659049511
1.91352796555
43.0010530949
4.08576512337
7.95969295502
1.92770981789
1.86782193184
1.75834298134
1.86283183098
4.49137187004
1.83003807068
4.24727702141
10.2086009979
1.77575778961
4.69510388374
1.84411501884
1.85662603378
1.92871403694
1.80813908577
1.82207202911
4.55171513557
1.81151509285
1.88587403297
2.29978299141
4.08499979973
8.57379412651
1.74302601814
1.88647699356
1.86831998825
4.6076529026
1.97789621353
9.99545311928
1.8725810051
4.80606293678
1.88490796089
1.96217608452
1.93164992332
1.90384316444
1.94196200371
20.7659258842
3.5399479866
0.828652858734
0.931320905685
0.90403008461
0.828001022339
2.85991597176
0.844076871872
0.843876838684
0.815852880478
0.912047863007
0.839956045151
0.883970975876
3.35193586349
0.871964931488
0.9519739151
0.871938943863
0.863979816437
3.36391496658
0.844035148621
0.840013980865
0.823900938034
0.843967914581
0.831921100616
AVG RTT = 3.03965949535