0.266673088074
0.156999826431
0.222282171249
0.219150066376
0.11216711998
0.234182834625
0.184679031372
0.209421873093
0.237920045853
0.115778923035
0.25087594986
0.19029712677
0.22149014473
0.256072044373
0.104050159454
0.234774827957
0.181364059448
0.248744010925
0.217503070831
0.10124206543
0.265697956085
0.17330789566
0.239098072052
0.230694055557
0.132682085037
0.253237009048
0.183716058731
0.232094049454
0.227627038956
0.125496864319
0.230112791061
0.170599937439
0.223016023636
0.219598054886
0.109174966812
0.214560985565
0.161155939102
0.225600004196
0.20911693573
0.116112947464
0.227097034454
0.173295974731
0.214282989502
0.230736970901
0.121792078018
0.249149084091
0.17377614975
0.207148790359
0.222676992416
0.116888046265
0.214095830917
0.170027971268
0.231933116913
0.21265411377
0.104291915894
0.221286058426
0.174904108047
0.213963985443
0.215187072754
0.106832027435
0.234516859055
0.168023824692
0.234138011932
0.216682910919
0.110447883606
0.225592136383
0.164699792862
0.203649997711
0.210083961487
0.110944986343
0.21071100235
0.164125919342
0.209321022034
0.22173500061
0.114245891571
0.234843015671
0.182932853699
0.220037937164
0.229100942612
0.115974903107
0.231262922287
0.164944887161
0.227302074432
0.228492975235
0.113660812378
0.225219011307
0.174998044968
0.229221820831
0.211978912354
0.113063812256
0.224972963333
0.159171104431
0.231467962265
0.228139162064
0.130932092667
0.246562004089
0.187906980515
0.211122989655
0.240226984024
0.12165594101
AVG RTT = 0.193945007324