0.228053092957
0.196046113968
0.434012889862
0.120826005936
0.298399925232
0.258434057236
0.218615055084
0.440473079681
0.116316080093
0.308933973312
0.242009878159
0.226952075958
0.475072145462
0.115378141403
0.318952083588
0.255973100662
0.188987970352
0.446336984634
0.116688966751
0.330609798431
0.263914108276
0.185901880264
0.450304985046
0.126996994019
0.340075016022
0.264365911484
0.197833061218
0.443208932877
0.122609853745
0.309958934784
0.244683027267
0.195626974106
0.465664863586
0.148798942566
0.315286159515
0.271605014801
0.214956045151
0.485241889954
0.12807393074
0.316273927689
0.25190114975
0.201028108597
0.430437088013
0.108195066452
0.332138776779
0.234268188477
0.202450990677
0.44908618927
0.119764089584
0.30753493309
0.257200956345
0.202243804932
0.452940940857
0.144925117493
0.324361801147
0.260835886002
0.203522920609
0.446890115738
0.121876955032
0.330454826355
0.243126869202
0.192784070969
0.43409204483
0.114744901657
0.326631069183
0.263539075851
0.191953897476
0.444062948227
0.121010065079
0.342717885971
0.249460935593
0.181787967682
0.446990013123
0.115979909897
0.319173812866
0.236257076263
0.200043201447
0.453754901886
0.116972923279
0.329030990601
0.241049051285
0.2056889534
0.438212156296
0.114813089371
0.336726903915
0.259996891022
0.181868076324
0.432968139648
0.134012937546
0.311712026596
0.262911081314
0.177881002426
0.46281504631
0.132816076279
0.331376075745
0.230719804764
0.199812889099
0.456621170044
0.119374990463
0.307200908661
AVG RTT = 0.268732016087