0.203019857407
0.352234125137
0.295351982117
0.196486949921
0.26633310318
0.26767706871
0.330806970596
0.275875806808
0.198832988739
0.27655005455
0.253998994827
0.323870897293
0.279425859451
0.191628932953
0.256707906723
0.250162124634
0.343652963638
0.306864976883
0.207805156708
0.275545835495
0.259698867798
0.339512109756
0.29948091507
0.211524009705
0.280727863312
0.241482973099
0.31170797348
0.295694828033
0.195472955704
0.295758008957
0.247638940811
0.319632053375
0.295403003693
2.44386720657
0.295641183853
0.238466024399
0.315627098083
0.287432909012
0.203754901886
0.295526027679
0.251435041428
0.323839902878
0.267602920532
0.211599826813
0.319526195526
0.26352596283
0.333470821381
0.297332048416
0.207538127899
0.295476913452
0.239774227142
0.343554973602
0.307613134384
0.212641000748
0.306257009506
0.231698036194
0.29979801178
0.291580915451
0.183665037155
0.299684047699
0.243623018265
0.355438947678
0.283821821213
0.215451955795
0.268049955368
0.257354021072
0.331742048264
0.311564922333
0.211546897888
0.287470817566
0.249056100845
0.309785842896
0.307686090469
0.203861951828
0.29162812233
0.255317926407
0.323721885681
0.280331134796
0.202867984772
0.279678106308
0.247595071793
0.3273229599
0.291579961777
0.208253860474
0.298972845078
0.23269701004
0.333873033524
0.30014705658
0.199041843414
0.307957172394
0.239185094833
0.347506046295
0.291641950607
0.199826002121
0.27966094017
0.259495973587
0.336575984955
0.277756929398
0.207738876343
0.299181938171
AVG RTT = 0.294705066681