0.21587395668
0.145308971405
0.0955069065094
0.144310951233
0.0956318378448
0.211194038391
0.136719942093
0.108196973801
0.151396989822
0.10443520546
0.215136051178
0.146124839783
0.101495027542
0.147787809372
0.103601932526
0.211124181747
0.139054059982
0.111131191254
0.140631914139
2.75416493416
0.213500022888
0.148795843124
0.104683876038
2.36887311935
0.110554933548
0.213094949722
0.149379968643
0.102069139481
0.146768093109
0.106826782227
0.209037065506
0.149788141251
0.0999248027802
0.139038085938
0.107572078705
0.221147060394
0.155550003052
0.11118888855
0.139424085617
0.271613121033
0.218985080719
0.156257867813
0.106465101242
0.141630172729
0.0954718589783
0.224426984787
0.13763999939
0.102640151978
0.144009113312
0.0985159873962
0.209228992462
0.141438961029
0.0969898700714
0.142683029175
0.111911058426
0.200083971024
0.134085893631
0.0983700752258
0.136724233627
0.0961329936981
0.224582910538
0.163444042206
0.0980129241943
0.146106958389
0.103708982468
0.23060297966
0.133431196213
0.111812114716
0.13862991333
0.113020896912
0.211527109146
0.165241003036
0.120476007462
0.1503469944
0.107232093811
0.20528793335
0.152796983719
0.107828855515
0.147588014603
0.113168001175
0.231307983398
0.138177871704
0.0996420383453
0.165721178055
0.113002061844
0.218481063843
0.145922899246
0.103287935257
0.138114929199
0.112002849579
0.218986034393
0.143712043762
0.102489948273
0.145316123962
0.0908229351044
0.203569889069
0.171470165253
0.0977630615234
0.134387016296
0.106323957443
AVG RTT = 0.19366697073