0.211241006851
0.283239841461
0.293454885483
0.173954963684
0.295739173889
0.214640855789
0.290066003799
0.288746833801
0.172405004501
0.290238857269
0.201531887054
0.284671068192
0.28774189949
0.166172027588
0.2849650383
0.211738109589
0.28269982338
0.287774085999
0.174721956253
0.289334058762
0.206432104111
0.283239841461
0.297638893127
0.177196025848
0.281665802002
0.200640201569
0.288352966309
0.303107976913
0.165903806686
0.280060052872
0.191593170166
0.286318063736
0.286170005798
0.157230854034
0.293957948685
0.193647861481
0.305385112762
0.300673007965
0.176866054535
0.286962985992
0.204221010208
0.298197031021
0.277022123337
0.174211025238
0.292870044708
0.203283071518
2.53324508667
0.263874053955
0.171761035919
0.300286054611
0.216403007507
0.289022922516
0.317935943604
0.164866924286
0.253974199295
0.202014923096
0.28630399704
0.326689004898
0.160153150558
0.256185054779
0.205090999603
0.296389102936
0.315338134766
0.171494960785
0.270676851273
0.210638999939
2.83018994331
0.281589984894
0.176624059677
0.361922025681
0.21892285347
0.273717164993
0.28561091423
0.165058851242
0.275734901428
0.211925029755
0.280362844467
0.271960020065
0.16587805748
2.70475411415
0.198547124863
0.276014089584
0.263936042786
0.174196004868
0.280420064926
0.221174001694
0.299983978271
0.317393064499
0.164994955063
0.254215955734
0.226521015167
0.307910919189
0.257030010223
0.159497976303
0.262209892273
0.203636169434
0.290947914124
0.270558834076
0.173061132431
0.281049013138
AVG RTT = 0.319978177547