0.177893161774
0.32324385643
0.252862930298
0.178014039993
0.176921844482
0.265002012253
0.321813106537
0.22501707077
0.223261117935
0.169456005096
0.190501928329
0.337774991989
0.206321001053
0.177315950394
0.317495822906
0.183421850204
0.35530591011
0.171172857285
0.188205957413
0.211055994034
0.204635858536
0.332504987717
0.201695203781
0.181724071503
0.204214096069
0.256144046783
0.329631090164
0.180199146271
0.182146072388
0.174264192581
0.181559085846
0.320312023163
2.28114485741
0.173753023148
0.187649965286
0.174406051636
0.369539022446
0.195205926895
0.178421974182
0.179734945297
0.182373046875
0.328622102737
0.187222003937
0.174835920334
0.178436994553
0.181580066681
0.31264591217
0.169065952301
0.194732904434
0.170034885406
0.181203842163
0.346351861954
0.191600084305
0.197741031647
0.196729898453
0.181900978088
0.308127880096
0.17703294754
0.202841997147
0.172071933746
0.19159913063
0.311013936996
0.178035020828
0.193245887756
0.190456867218
0.17060303688
0.299914836884
0.185700893402
0.200313091278
0.170971155167
0.181934833527
0.320905923843
0.213718175888
0.190493106842
0.178534030914
0.17618894577
0.307595014572
0.170237064362
0.168117046356
0.206943035126
0.178732872009
0.293479919434
0.185226917267
0.193839788437
0.191918134689
0.172026157379
0.301609992981
0.180799007416
0.209151983261
0.174002170563
0.180130958557
0.292968988419
0.193030118942
0.195161104202
0.189781188965
2.64099502563
0.295703172684
0.183094024658
0.174170017242
0.169665813446
AVG RTT = 0.261781036854