0.0556328296661
0.0655291080475
0.0412840843201
0.0418260097504
0.0406241416931
0.0552561283112
0.0571000576019
0.0604448318481
0.0424139499664
0.0416791439056
0.0675778388977
0.0580468177795
0.0431389808655
0.0430009365082
0.0449819564819
0.0602011680603
0.0614402294159
0.0430240631104
0.0421390533447
0.0419840812683
0.0603919029236
0.057009935379
0.0423488616943
0.0444390773773
0.0375089645386
0.0580141544342
0.0658359527588
0.0369920730591
0.0385122299194
0.045686006546
0.0583200454712
0.0592069625854
0.0412609577179
0.0510108470917
0.0445489883423
0.0579879283905
0.0551631450653
0.0397028923035
0.0363488197327
0.0380318164825
0.0540690422058
0.0901939868927
0.0436570644379
0.0394079685211
0.0416729450226
0.0609748363495
0.0616989135742
0.046257019043
0.0496928691864
0.0420730113983
0.307975053787
0.0688140392303
0.045802116394
0.0506241321564
0.0368192195892
0.0661239624023
0.0610048770905
0.0414168834686
0.0420639514923
0.0438151359558
0.0603048801422
0.0573360919952
0.0442011356354
0.0377368927002
0.0469880104065
0.0572328567505
0.0575270652771
0.0386362075806
0.0441980361938
0.045089006424
0.060359954834
0.0604679584503
0.0408368110657
0.0419330596924
0.0414550304413
0.0668280124664
0.05992603302
0.0438389778137
0.0447289943695
0.0429742336273
0.06045794487
0.0593531131744
0.0389161109924
0.0380110740662
0.0511231422424
0.0569581985474
0.0559310913086
0.0383288860321
0.0413661003113
0.0455191135406
0.0603740215302
0.0588669776917
0.0429670810699
0.0412571430206
0.0474689006805
0.0599679946899
0.0618538856506
0.0442988872528
0.0399489402771
0.0419199466705
AVG RTT = 0.0524729180336