0.105838060379
0.0746538639069
0.104434013367
0.0968871116638
0.0697491168976
0.106554031372
0.0705461502075
0.0967779159546
0.0888721942902
0.0876460075378
0.0940899848938
0.0704929828644
0.0913960933685
0.0943338871002
0.0693180561066
0.0917420387268
0.0715298652649
0.0888390541077
0.0998530387878
0.0754420757294
0.0931758880615
0.071277141571
0.102912902832
0.0974960327148
0.0689790248871
0.0890607833862
0.0672090053558
0.0915229320526
0.0903861522675
0.0836639404297
0.0911560058594
0.0768730640411
0.0901210308075
0.0916118621826
0.069846868515
0.0885829925537
0.0750830173492
0.0922238826752
0.0916590690613
0.0766348838806
0.105386972427
0.0786981582642
0.0945038795471
0.087895154953
0.0784919261932
2.9240231514
0.0737881660461
0.091185092926
0.096568107605
0.0670580863953
0.106345176697
0.0703699588776
0.104340076447
0.088103055954
0.0722508430481
0.0969989299774
0.0696890354156
0.0979619026184
0.0983018875122
0.0683960914612
0.100111961365
0.0710458755493
0.102333784103
0.281462907791
0.0680241584778
0.0972189903259
0.0768120288849
0.107335090637
0.101899862289
0.0707581043243
0.096951007843
0.071270942688
0.0980439186096
0.0906529426575
0.068699836731
0.0991220474243
0.0791389942169
0.0867719650269
0.0901401042938
0.0713210105896
0.108029842377
0.0678479671478
0.0931220054626
0.0951118469238
0.0690619945526
0.0942311286926
0.0760369300842
0.0959520339966
0.103741884232
0.0729129314423
0.0945799350739
0.0718810558319
0.0934858322144
0.0901758670807
0.0728778839111
0.0966238975525
0.0688960552216
0.0926110744476
0.0926909446716
0.0765080451965
AVG RTT = 0.116743223667