0.21512389183
0.142155885696
0.104636907578
0.133073091507
0.107604026794
0.205313920975
0.156040906906
0.109915971756
0.143311977386
0.103965044022
0.211621999741
0.158821105957
0.100046873093
0.14365696907
0.109220027924
0.207779884338
0.140528917313
0.10227894783
0.139778852463
0.110883951187
0.203122138977
0.159291982651
0.104145050049
0.141788959503
0.112529039383
0.224742174149
0.146806955338
0.110971927643
0.141906023026
0.11413693428
0.215633869171
0.141107082367
0.0957651138306
0.150307893753
0.111624956131
0.243705034256
0.142110824585
0.115602970123
0.147828102112
0.104115009308
0.201091051102
0.141369819641
0.10181593895
0.148651838303
0.106908082962
0.208113908768
0.14047908783
0.104879140854
0.145938873291
0.0993070602417
0.203747034073
0.140668153763
0.0974869728088
0.154893875122
0.102988958359
0.216551065445
0.143358945847
0.105761051178
0.151697874069
0.107097148895
0.205534934998
0.148478031158
0.11479306221
0.16051697731
0.109233856201
0.227599143982
0.145702123642
0.114644050598
0.143244981766
0.099958896637
0.213997840881
0.154046058655
0.100587129593
0.160242795944
0.106952190399
0.207742929459
0.146270990372
0.0968260765076
0.151257038116
0.094183921814
0.21483206749
0.139090061188
0.0954949855804
0.152750015259
0.0999739170074
0.210775136948
0.146551132202
0.114259004593
0.153327941895
0.131170034409
0.19696187973
0.14475607872
0.107677936554
0.138180017471
0.11808180809
0.20272397995
0.146807193756
0.120553016663
0.13489484787
0.0991239547729
AVG RTT = 0.143656051159