0.216309785843
0.27877497673
0.332929849625
0.162243127823
0.297861099243
0.207513093948
0.286075115204
0.304358959198
0.219301939011
0.289870977402
0.201641798019
0.296147108078
0.271620988846
0.164703845978
0.285717010498
0.205124139786
0.293387889862
0.274371147156
0.161950111389
0.322402000427
0.216953992844
0.274476051331
0.299165010452
0.165095090866
0.285670042038
0.2141289711
0.465114831924
0.304577112198
2.68216490746
0.286222934723
0.21871304512
0.289381027222
0.276854038239
0.173797130585
0.302126169205
0.199359893799
0.287506103516
0.283416986465
0.168055057526
0.289842844009
0.223613023758
0.295730113983
0.289970159531
0.156565904617
0.290810823441
0.197114944458
0.274044036865
0.290849924088
0.177087068558
0.27415895462
0.204008102417
0.280786991119
0.272054195404
0.16560792923
0.266851186752
0.198994874954
0.302322864532
2.43507695198
0.173617839813
0.27828001976
0.199218988419
0.282570123672
0.268913984299
0.164809942245
0.25664806366
0.199505090714
0.302520036697
0.258141994476
0.156767845154
0.275202035904
0.194706916809
0.301400899887
0.266066074371
0.166723966599
0.334723949432
0.234606027603
0.278077125549
0.313177108765
0.174547195435
0.259238004684
0.215298175812
0.294533967972
0.259053945541
0.188637018204
2.69951319695
0.198707818985
0.290476083755
0.30574798584
0.17081785202
0.264054059982
0.204587936401
0.311241865158
0.284672021866
0.170161962509
0.274112939835
0.205460071564
0.340668916702
0.255520105362
2.57232403755
0.265661001205
AVG RTT = 0.344612884521