1.90759205818
1.89443707466
1.84404397011
1.8314678669
3.7898619175
1.7565279007
1.73103499413
1.73370099068
12.0454859734
2.12230086327
1.76767897606
1.7038769722
1.81835603714
1.75389409065
1.70525884628
1.7465698719
3.86380815506
1.72566699982
1.8426630497
4.2981979847
1.68556308746
4.67930698395
1.72393918037
1.77702689171
1.71675610542
1.79857087135
1.66570496559
4.86633300781
1.77023291588
1.76719117165
1.71523499489
1.72387099266
1.68808794022
1.88665008545
1.77797794342
1.66982102394
1.76845502853
1.90957212448
1.74430298805
1.73715996742
1.81781005859
1.78528308868
1.76302099228
1.70657610893
1.70462679863
1.76673316956
1.75365114212
4.52957201004
1.72023391724
1.870896101
3.81536483765
1.80783200264
1.74073195457
1.86993908882
1.83150601387
1.79481601715
1.7571310997
4.38751506805
1.74449586868
1.96686005592
1.78133296967
1.86321997643
2.03820014
1.78643608093
1.77712082863
8.2661550045
1.7379629612
1.8060400486
2.08270692825
3.81909203529
1.72423505783
1.68117594719
10.1974298954
1.95228815079
1.76322197914
40.2845361233
4.52084088326
2.05702590942
5.20905208588
2.00109696388
2.38467502594
32.3257460594
1.76793313026
1.69225406647
1.68148493767
1.6966650486
1.68364906311
1.77208209038
1.75659894943
1.84973597527
1.80338406563
4.34433484077
1.95563912392
1.67191004753
1.69421219826
2.00983095169
1.82060289383
3.98563098907
1.76808404922
1.86810016632
AVG RTT = 3.069705019