0.251686096191
0.176666975021
0.447715044022
0.142976999283
0.309288978577
0.255915164948
0.184565782547
0.429445981979
0.112051963806
0.302576065063
0.237228155136
0.189478158951
0.416100025177
0.121276140213
0.288537025452
0.257719993591
0.187648057938
0.433547019958
0.139693021774
0.360481023788
0.274991035461
0.173416137695
0.44206905365
0.142831087112
0.302350997925
0.244518995285
0.19379401207
0.421090126038
0.120467185974
0.295471906662
0.238691806793
0.205651044846
0.449815988541
0.127007007599
0.303589820862
0.253201961517
0.180614948273
0.415565013885
0.133775949478
0.319496870041
0.24910402298
0.198977947235
0.432047128677
0.11493897438
0.307700157166
0.238300085068
0.201934814453
0.427430868149
0.116511821747
0.312398910522
0.247631072998
0.193651914597
0.437072038651
0.120501995087
0.304787874222
0.242345094681
0.182368040085
0.42679309845
0.129592895508
0.298407077789
0.223208904266
0.211184024811
0.440983057022
0.130676031113
0.320156097412
0.251671075821
0.177223920822
0.431188106537
0.121589899063
0.324826955795
0.241148948669
0.200798988342
0.43953204155
0.12078499794
0.301781177521
0.247615098953
0.192526102066
0.452839851379
0.134428977966
0.325418949127
0.252619981766
0.175596952438
0.423830032349
0.114845991135
0.298795223236
0.256577014923
0.216930150986
0.459255933762
0.132045030594
0.301453113556
0.248661994934
0.186397075653
0.422430992126
0.122383117676
0.307809114456
0.248831033707
0.183254003525
0.423835039139
0.135522127151
0.308444023132
AVG RTT = 0.26174605608